otavio 1 15,00 0,00 0,00 6619253 0,00
.00 0 3,00 0,00 0,00 7077986 0,00
.00 10 0,00 0,00 7218160355054547100000000000000000,00 -145503720 0,00
.00 2 100,00 7221809183320340800000000000000000,00 -0,00 6864736 0,00
.00 0 0,00 0,00 0,00 0 0,00
mateus 2 8,00 0,00 0,00 3 0,00
.00 0 0,00 0,00 0,00 6827601 0,00
.00 3 0,00 7339221606346362600000000000000000,00 -0,00 -1 0,00
.00 1 50,00 0,00 0,00 1 0,00
.00 3932218 0,00 0,00 0,00 2008275472 7782116938321414600000000000000000,00
leandro 3 7,00 0,00 0,00 143 0,00
.00 6 0,00 0,00 0,00 6619253 0,00
.00 5 0,00 0,00 0,00 65 0,00
.00 2 100,00 0,00 1818303351377906700000000000000000,00 8035877 0,00
.00 8194530 0,00 0,00 0,00 1 0,00
acabou